                     0             0
                   3.6         0.011
                   7.2         0.045
                  10.8         0.099
                  14.4         0.172
                    18         0.262
                  21.6         0.365
                  25.2          0.48
                  28.8         0.603
                  32.4         0.731
                    36         0.861
                  39.6          0.99
                  43.2          1.11
                  46.8          1.23
                  50.4          1.34
                    54          1.45
                  57.6          1.53
                  61.2          1.61
                  64.8          1.68
                  68.4          1.73
                    72          1.77
                  75.6           1.8
                  79.2          1.82
                  82.8          1.83
                  86.4          1.84
                    90          1.83
                  93.6          1.83
                  97.2          1.82
                   101          1.82
                   104          1.81
                   108          1.81
                   112           1.8
                   115          1.81
                   119          1.81
                   122          1.82
                   126          1.84
                   130          1.85
                   133          1.87
                   137          1.89
                   140          1.91
                   144          1.93
                   148          1.94
                   151          1.95
                   155          1.96
                   158          1.96
                   162          1.95
                   166          1.94
                   169          1.92
                   173           1.9
                   176          1.87
                   180          1.84
                   184           1.8
                   187          1.76
                   191          1.72
                   194          1.68
                   198          1.65
                   202          1.62
                   205          1.59
                   209          1.57
                   212          1.56
                   216          1.55
                   220          1.56
                   223          1.57
                   227           1.6
                   230          1.63
                   234          1.67
                   238          1.72
                   241          1.77
                   245          1.83
                   248          1.89
                   252          1.96
                   256          2.02
                   259          2.08
                   263          2.13
                   266          2.18
                   270          2.21
                   274          2.24
                   277          2.25
                   281          2.24
                   284          2.22
                   288          2.19
                   292          2.13
                   295          2.06
                   299          1.97
                   302          1.86
                   306          1.73
                   310           1.6
                   313          1.45
                   317           1.3
                   320          1.14
                   324         0.979
                   328         0.821
                   331         0.669
                   335         0.525
                   338         0.394
                   342         0.278
                   346          0.18
                   349         0.102
                   353         0.045
                   356         0.011